COMPARAÇÃO: DIJKSTRA vs HEURÍSTICA GULOSA (Instância 10k)
========================================================================================================================

Vértices  Arestas   Dij Comp      Dij Alc     Gul Comp      Gul Alc     Red Comp%   Perda Alc%    
------------------------------------------------------------------------------------------------------------------------
10        0         0             1           0             1           0.00        %0.00          %
110       12        0             1           0             1           0.00        %0.00          %
210       44        0             1           0             1           0.00        %0.00          %
310       142       0             1           0             1           0.00        %0.00          %
410       232       0             1           0             1           0.00        %0.00          %
510       360       0             1           0             1           0.00        %0.00          %
610       496       10            5           10            5           0.00        %0.00          %
710       672       14            6           14            6           0.00        %0.00          %
810       832       14            6           14            6           0.00        %0.00          %
910       1,082     20            7           20            7           0.00        %0.00          %
1,010     1,284     20            7           20            7           0.00        %0.00          %
1,110     1,548     30            8           30            8           0.00        %0.00          %
1,210     1,824     30            8           30            8           0.00        %0.00          %
1,310     2,160     30            8           30            8           0.00        %0.00          %
1,410     2,514     30            8           30            8           0.00        %0.00          %
1,510     2,880     74            18          67            14          9.46        %22.22         %
1,610     3,248     102           27          68            14          33.33       %48.15         %
1,710     3,650     102           27          68            14          33.33       %48.15         %
1,810     4,068     138           41          68            14          50.72       %65.85         %
1,910     4,586     148           43          52            10          64.86       %76.74         %
2,010     5,062     148           43          52            10          64.86       %76.74         %
2,110     5,556     152           44          52            10          65.79       %77.27         %
2,210     6,084     160           46          52            10          67.50       %78.26         %
2,310     6,666     176           50          59            11          66.48       %78.00         %
2,410     7,210     180           51          59            11          67.22       %78.43         %
2,510     7,794     196           53          59            11          69.90       %79.25         %
2,610     8,382     230           62          68            12          70.43       %80.65         %
2,710     9,004     260           64          96            15          63.08       %76.56         %
2,810     9,656     376           100         103           16          72.61       %84.00         %
2,910     10,348    734           191         103           16          85.97       %91.62         %
3,010     11,162    820           198         134           19          83.66       %90.40         %
3,110     11,962    882           209         145           20          83.56       %90.43         %
3,210     12,764    1,540         367         145           20          90.58       %94.55         %
3,310     13,592    2,762         628         145           20          94.75       %96.82         %
3,410     14,346    3,328         749         145           20          95.64       %97.33         %
3,510     15,248    3,540         774         145           20          95.90       %97.42         %
3,610     16,158    6,158         1,313       145           20          97.65       %98.48         %
3,710     17,080    8,574         1,747       145           20          98.31       %98.86         %
3,810     18,056    15,766        3,172       167           24          98.94       %99.24         %
3,910     19,000    17,302        3,401       167           24          99.03       %99.29         %
4,010     19,932    18,842        3,650       167           24          99.11       %99.34         %
4,110     20,910    19,826        3,783       167           24          99.16       %99.37         %
4,210     21,910    20,766        3,892       169           24          99.19       %99.38         %
4,310     22,944    21,916        4,020       171           20          99.22       %99.50         %
4,410     24,100    23,162        4,142       171           20          99.26       %99.52         %
4,510     25,202    24,608        4,314       326           47          98.68       %98.91         %
4,610     26,338    25,944        4,463       345           49          98.67       %98.90         %
4,710     27,436    27,228        4,612       349           49          98.72       %98.94         %
4,810     28,582    28,382        4,718       372           51          98.69       %98.92         %
4,910     29,818    29,592        4,818       396           52          98.66       %98.92         %
5,010     31,000    30,822        4,936       416           53          98.65       %98.93         %
5,110     32,236    32,076        5,043       291           37          99.09       %99.27         %
5,210     33,492    33,336        5,149       200           20          99.40       %99.61         %
5,310     34,794    34,652        5,255       200           20          99.42       %99.62         %
5,410     36,176    36,046        5,361       200           20          99.45       %99.63         %
5,510     37,602    37,584        5,485       200           20          99.47       %99.64         %
5,610     39,024    39,006        5,589       219           21          99.44       %99.62         %
5,710     40,506    40,494        5,693       219           21          99.46       %99.63         %
5,810     41,820    41,800        5,793       222           21          99.47       %99.64         %
5,910     43,328    43,306        5,893       222           21          99.49       %99.64         %
6,010     44,772    44,750        5,994       222           21          99.50       %99.65         %
6,110     46,280    46,258        6,094       233           21          99.50       %99.66         %
6,210     47,852    47,830        6,194       233           21          99.51       %99.66         %
6,310     49,372    49,350        6,295       233           21          99.53       %99.67         %
6,410     50,886    50,864        6,394       233           21          99.54       %99.67         %
6,510     52,484    52,454        6,492       255           22          99.51       %99.66         %
6,610     54,104    54,074        6,592       255           22          99.53       %99.67         %
6,710     55,790    55,762        6,694       281           23          99.50       %99.66         %
6,810     57,386    57,360        6,797       281           23          99.51       %99.66         %
6,910     59,044    59,018        6,897       283           23          99.52       %99.67         %
7,010     60,640    60,610        6,996       283           23          99.53       %99.67         %
7,110     62,466    62,436        7,096       283           23          99.55       %99.68         %
7,210     64,196    64,166        7,196       289           23          99.55       %99.68         %
7,310     65,940    65,910        7,296       289           23          99.56       %99.68         %
7,410     67,862    67,832        7,396       289           23          99.57       %99.69         %
7,510     69,662    69,632        7,496       289           23          99.58       %99.69         %
7,610     71,518    71,488        7,596       289           23          99.60       %99.70         %
7,710     73,398    73,368        7,696       289           23          99.61       %99.70         %
7,810     75,350    75,320        7,797       312           24          99.59       %99.69         %
7,910     77,366    77,356        7,903       312           24          99.60       %99.70         %
8,010     79,266    79,262        8,006       312           24          99.61       %99.70         %
8,110     81,260    81,258        8,108       312           24          99.62       %99.70         %
8,210     83,284    83,282        8,208       312           24          99.63       %99.71         %
8,310     85,296    85,294        8,308       312           24          99.63       %99.71         %
8,410     87,330    87,330        8,410       322           25          99.63       %99.70         %
8,510     89,348    89,348        8,510       354           26          99.60       %99.69         %
8,610     91,424    91,424        8,610       377           27          99.59       %99.69         %
8,710     93,462    93,462        8,710       377           27          99.60       %99.69         %
8,810     95,656    95,656        8,810       385           27          99.60       %99.69         %
8,910     97,890    97,890        8,910       385           27          99.61       %99.70         %
9,010     100,008   100,008       9,010       385           27          99.62       %99.70         %
9,110     102,246   102,246       9,110       385           27          99.62       %99.70         %
9,210     104,530   104,530       9,210       385           27          99.63       %99.71         %
9,310     106,896   106,896       9,310       385           27          99.64       %99.71         %
9,410     109,154   109,154       9,410       415           28          99.62       %99.70         %
9,510     111,524   111,524       9,510       415           28          99.63       %99.71         %
9,610     113,900   113,900       9,610       415           28          99.64       %99.71         %
9,710     116,426   116,426       9,710       415           28          99.64       %99.71         %
9,810     118,806   118,806       9,810       422           28          99.64       %99.71         %
9,910     121,180   121,180       9,910       424           28          99.65       %99.72         %
10,000    123,462   123,462       10,000      424           28          99.66       %99.72         %
