PARTE 2 — HEURÍSTICA GULOSA (Instância 10k)
================================================================================

Vértices    Arestas     Comparações     Alcançados    % Alcançados  
--------------------------------------------------------------------------------
10          0           0               1             10.00         %
110         12          0               1             0.91          %
210         44          0               1             0.48          %
310         142         0               1             0.32          %
410         232         0               1             0.24          %
510         360         0               1             0.20          %
610         496         10              5             0.82          %
710         672         14              6             0.85          %
810         832         14              6             0.74          %
910         1,082       20              7             0.77          %
1,010       1,284       20              7             0.69          %
1,110       1,548       30              8             0.72          %
1,210       1,824       30              8             0.66          %
1,310       2,160       30              8             0.61          %
1,410       2,514       30              8             0.57          %
1,510       2,880       67              14            0.93          %
1,610       3,248       68              14            0.87          %
1,710       3,650       68              14            0.82          %
1,810       4,068       68              14            0.77          %
1,910       4,586       52              10            0.52          %
2,010       5,062       52              10            0.50          %
2,110       5,556       52              10            0.47          %
2,210       6,084       52              10            0.45          %
2,310       6,666       59              11            0.48          %
2,410       7,210       59              11            0.46          %
2,510       7,794       59              11            0.44          %
2,610       8,382       68              12            0.46          %
2,710       9,004       96              15            0.55          %
2,810       9,656       103             16            0.57          %
2,910       10,348      103             16            0.55          %
3,010       11,162      134             19            0.63          %
3,110       11,962      145             20            0.64          %
3,210       12,764      145             20            0.62          %
3,310       13,592      145             20            0.60          %
3,410       14,346      145             20            0.59          %
3,510       15,248      145             20            0.57          %
3,610       16,158      145             20            0.55          %
3,710       17,080      145             20            0.54          %
3,810       18,056      167             24            0.63          %
3,910       19,000      167             24            0.61          %
4,010       19,932      167             24            0.60          %
4,110       20,910      167             24            0.58          %
4,210       21,910      169             24            0.57          %
4,310       22,944      171             20            0.46          %
4,410       24,100      171             20            0.45          %
4,510       25,202      326             47            1.04          %
4,610       26,338      345             49            1.06          %
4,710       27,436      349             49            1.04          %
4,810       28,582      372             51            1.06          %
4,910       29,818      396             52            1.06          %
5,010       31,000      416             53            1.06          %
5,110       32,236      291             37            0.72          %
5,210       33,492      200             20            0.38          %
5,310       34,794      200             20            0.38          %
5,410       36,176      200             20            0.37          %
5,510       37,602      200             20            0.36          %
5,610       39,024      219             21            0.37          %
5,710       40,506      219             21            0.37          %
5,810       41,820      222             21            0.36          %
5,910       43,328      222             21            0.36          %
6,010       44,772      222             21            0.35          %
6,110       46,280      233             21            0.34          %
6,210       47,852      233             21            0.34          %
6,310       49,372      233             21            0.33          %
6,410       50,886      233             21            0.33          %
6,510       52,484      255             22            0.34          %
6,610       54,104      255             22            0.33          %
6,710       55,790      281             23            0.34          %
6,810       57,386      281             23            0.34          %
6,910       59,044      283             23            0.33          %
7,010       60,640      283             23            0.33          %
7,110       62,466      283             23            0.32          %
7,210       64,196      289             23            0.32          %
7,310       65,940      289             23            0.31          %
7,410       67,862      289             23            0.31          %
7,510       69,662      289             23            0.31          %
7,610       71,518      289             23            0.30          %
7,710       73,398      289             23            0.30          %
7,810       75,350      312             24            0.31          %
7,910       77,366      312             24            0.30          %
8,010       79,266      312             24            0.30          %
8,110       81,260      312             24            0.30          %
8,210       83,284      312             24            0.29          %
8,310       85,296      312             24            0.29          %
8,410       87,330      322             25            0.30          %
8,510       89,348      354             26            0.31          %
8,610       91,424      377             27            0.31          %
8,710       93,462      377             27            0.31          %
8,810       95,656      385             27            0.31          %
8,910       97,890      385             27            0.30          %
9,010       100,008     385             27            0.30          %
9,110       102,246     385             27            0.30          %
9,210       104,530     385             27            0.29          %
9,310       106,896     385             27            0.29          %
9,410       109,154     415             28            0.30          %
9,510       111,524     415             28            0.29          %
9,610       113,900     415             28            0.29          %
9,710       116,426     415             28            0.29          %
9,810       118,806     422             28            0.29          %
9,910       121,180     424             28            0.28          %
10,000      123,462     424             28            0.28          %
