PARTE 1 — ALGORITMO DE DIJKSTRA (Instância 10k)
================================================================================

Vértices    Arestas     Comparações     Alcançados    % Alcançados  
--------------------------------------------------------------------------------
10          0           0               1             10.00         %
110         12          0               1             0.91          %
210         44          0               1             0.48          %
310         142         0               1             0.32          %
410         232         0               1             0.24          %
510         360         0               1             0.20          %
610         496         10              5             0.82          %
710         672         14              6             0.85          %
810         832         14              6             0.74          %
910         1,082       20              7             0.77          %
1,010       1,284       20              7             0.69          %
1,110       1,548       30              8             0.72          %
1,210       1,824       30              8             0.66          %
1,310       2,160       30              8             0.61          %
1,410       2,514       30              8             0.57          %
1,510       2,880       74              18            1.19          %
1,610       3,248       102             27            1.68          %
1,710       3,650       102             27            1.58          %
1,810       4,068       138             41            2.27          %
1,910       4,586       148             43            2.25          %
2,010       5,062       148             43            2.14          %
2,110       5,556       152             44            2.09          %
2,210       6,084       160             46            2.08          %
2,310       6,666       176             50            2.16          %
2,410       7,210       180             51            2.12          %
2,510       7,794       196             53            2.11          %
2,610       8,382       230             62            2.38          %
2,710       9,004       260             64            2.36          %
2,810       9,656       376             100           3.56          %
2,910       10,348      734             191           6.56          %
3,010       11,162      820             198           6.58          %
3,110       11,962      882             209           6.72          %
3,210       12,764      1,540           367           11.43         %
3,310       13,592      2,762           628           18.97         %
3,410       14,346      3,328           749           21.96         %
3,510       15,248      3,540           774           22.05         %
3,610       16,158      6,158           1,313         36.37         %
3,710       17,080      8,574           1,747         47.09         %
3,810       18,056      15,766          3,172         83.25         %
3,910       19,000      17,302          3,401         86.98         %
4,010       19,932      18,842          3,650         91.02         %
4,110       20,910      19,826          3,783         92.04         %
4,210       21,910      20,766          3,892         92.45         %
4,310       22,944      21,916          4,020         93.27         %
4,410       24,100      23,162          4,142         93.92         %
4,510       25,202      24,608          4,314         95.65         %
4,610       26,338      25,944          4,463         96.81         %
4,710       27,436      27,228          4,612         97.92         %
4,810       28,582      28,382          4,718         98.09         %
4,910       29,818      29,592          4,818         98.13         %
5,010       31,000      30,822          4,936         98.52         %
5,110       32,236      32,076          5,043         98.69         %
5,210       33,492      33,336          5,149         98.83         %
5,310       34,794      34,652          5,255         98.96         %
5,410       36,176      36,046          5,361         99.09         %
5,510       37,602      37,584          5,485         99.55         %
5,610       39,024      39,006          5,589         99.63         %
5,710       40,506      40,494          5,693         99.70         %
5,810       41,820      41,800          5,793         99.71         %
5,910       43,328      43,306          5,893         99.71         %
6,010       44,772      44,750          5,994         99.73         %
6,110       46,280      46,258          6,094         99.74         %
6,210       47,852      47,830          6,194         99.74         %
6,310       49,372      49,350          6,295         99.76         %
6,410       50,886      50,864          6,394         99.75         %
6,510       52,484      52,454          6,492         99.72         %
6,610       54,104      54,074          6,592         99.73         %
6,710       55,790      55,762          6,694         99.76         %
6,810       57,386      57,360          6,797         99.81         %
6,910       59,044      59,018          6,897         99.81         %
7,010       60,640      60,610          6,996         99.80         %
7,110       62,466      62,436          7,096         99.80         %
7,210       64,196      64,166          7,196         99.81         %
7,310       65,940      65,910          7,296         99.81         %
7,410       67,862      67,832          7,396         99.81         %
7,510       69,662      69,632          7,496         99.81         %
7,610       71,518      71,488          7,596         99.82         %
7,710       73,398      73,368          7,696         99.82         %
7,810       75,350      75,320          7,797         99.83         %
7,910       77,366      77,356          7,903         99.91         %
8,010       79,266      79,262          8,006         99.95         %
8,110       81,260      81,258          8,108         99.98         %
8,210       83,284      83,282          8,208         99.98         %
8,310       85,296      85,294          8,308         99.98         %
8,410       87,330      87,330          8,410         100.00        %
8,510       89,348      89,348          8,510         100.00        %
8,610       91,424      91,424          8,610         100.00        %
8,710       93,462      93,462          8,710         100.00        %
8,810       95,656      95,656          8,810         100.00        %
8,910       97,890      97,890          8,910         100.00        %
9,010       100,008     100,008         9,010         100.00        %
9,110       102,246     102,246         9,110         100.00        %
9,210       104,530     104,530         9,210         100.00        %
9,310       106,896     106,896         9,310         100.00        %
9,410       109,154     109,154         9,410         100.00        %
9,510       111,524     111,524         9,510         100.00        %
9,610       113,900     113,900         9,610         100.00        %
9,710       116,426     116,426         9,710         100.00        %
9,810       118,806     118,806         9,810         100.00        %
9,910       121,180     121,180         9,910         100.00        %
10,000      123,462     123,462         10,000        100.00        %
