Grafo com 7 vértices
Formato: u -> [(v, peso), ...]
============================================================

0 -> [(1, 6.75), (2, 1.23), (3, 3.48), (4, 3.01), (5, 7.63), (6, 7.09)]
1 -> [(0, 9.03), (2, 1.78), (3, 4.80), (4, 1.27), (5, 2.97), (6, 5.55)]
2 -> [(0, 1.24), (1, 2.79), (3, 6.85), (4, 5.90), (5, 2.98), (6, 6.30)]
3 -> [(0, 8.28), (1, 1.06), (2, 8.25), (4, 7.28), (5, 4.06), (6, 2.40)]
4 -> [(0, 9.61), (1, 4.03), (2, 1.83), (3, 1.87), (5, 8.63), (6, 6.43)]
5 -> [(0, 8.26), (1, 7.57), (2, 5.83), (3, 9.76), (4, 4.41), (6, 5.97)]
6 -> [(0, 8.46), (1, 6.57), (2, 8.76), (3, 6.20), (4, 7.34), (5, 1.41)]
