Grafo com 9 vértices
Formato: u -> [(v, peso), ...]
============================================================

0 -> [(1, 6.75), (2, 1.23), (3, 3.48), (4, 3.01), (5, 7.63), (6, 7.09), (7, 9.03), (8, 1.78)]
1 -> [(0, 4.80), (2, 1.27), (3, 2.97), (4, 5.55), (5, 1.24), (6, 2.79), (7, 6.85), (8, 5.90)]
2 -> [(0, 2.98), (1, 6.30), (3, 8.28), (4, 1.06), (5, 8.25), (6, 7.28), (7, 4.06), (8, 2.40)]
3 -> [(0, 9.61), (1, 4.03), (2, 1.83), (4, 1.87), (5, 8.63), (6, 6.43), (7, 8.26), (8, 7.57)]
4 -> [(0, 5.83), (1, 9.76), (2, 4.41), (3, 5.97), (5, 8.46), (6, 6.57), (7, 8.76), (8, 6.20)]
5 -> [(0, 7.34), (1, 1.41), (2, 3.05), (3, 3.60), (4, 1.72), (6, 3.10), (7, 1.91), (8, 3.50)]
6 -> [(0, 6.72), (1, 4.28), (2, 4.33), (3, 2.89), (4, 3.40), (5, 9.43), (7, 6.83), (8, 6.48)]
7 -> [(0, 2.54), (1, 7.56), (2, 2.47), (3, 4.42), (4, 9.91), (5, 6.76), (6, 6.01), (8, 7.16)]
8 -> [(0, 8.59), (1, 7.98), (2, 3.06), (3, 1.29), (4, 3.84), (5, 3.41), (6, 2.90), (7, 9.49)]
