Grafo com 8 vértices
Formato: u -> [(v, peso), ...]
============================================================

0 -> [(1, 6.75), (2, 1.23), (3, 3.48), (4, 3.01), (5, 7.63), (6, 7.09), (7, 9.03)]
1 -> [(0, 1.78), (2, 4.80), (3, 1.27), (4, 2.97), (5, 5.55), (6, 1.24), (7, 2.79)]
2 -> [(0, 6.85), (1, 5.90), (3, 2.98), (4, 6.30), (5, 8.28), (6, 1.06), (7, 8.25)]
3 -> [(0, 7.28), (1, 4.06), (2, 2.40), (4, 9.61), (5, 4.03), (6, 1.83), (7, 1.87)]
4 -> [(0, 8.63), (1, 6.43), (2, 8.26), (3, 7.57), (5, 5.83), (6, 9.76), (7, 4.41)]
5 -> [(0, 5.97), (1, 8.46), (2, 6.57), (3, 8.76), (4, 6.20), (6, 7.34), (7, 1.41)]
6 -> [(0, 3.05), (1, 3.60), (2, 1.72), (3, 3.10), (4, 1.91), (5, 3.50), (7, 6.72)]
7 -> [(0, 4.28), (1, 4.33), (2, 2.89), (3, 3.40), (4, 9.43), (5, 6.83), (6, 6.48)]
