n=10
0: 1(1.70), 2(9.92), 3(6.00), 4(7.48), 5(6.46), 6(9.53), 7(5.68), 8(4.90), 9(1.64)
1: 0(9.97), 2(2.93), 3(6.16), 4(4.78), 5(7.70), 6(6.26), 7(3.08), 8(5.56), 9(7.39)
2: 0(5.53), 1(9.86), 3(4.61), 4(7.00), 5(1.14), 6(7.03), 7(3.77), 8(3.84), 9(1.99)
3: 0(7.87), 1(9.45), 2(3.96), 4(2.81), 5(9.29), 6(7.99), 7(8.38), 8(3.50), 9(1.77)
4: 0(8.73), 1(6.11), 2(4.23), 3(6.37), 5(1.22), 6(6.26), 7(9.72), 8(9.94), 9(7.61)
5: 0(6.76), 1(5.25), 2(9.45), 3(2.27), 4(1.68), 6(7.90), 7(8.24), 8(5.64), 9(1.73)
6: 0(5.62), 1(6.25), 2(2.91), 3(2.90), 4(3.02), 5(9.56), 7(9.16), 8(3.36), 9(6.52)
7: 0(9.40), 1(2.41), 2(1.14), 3(7.44), 4(1.67), 5(7.54), 6(7.28), 8(1.96), 9(9.82)
8: 0(9.71), 1(5.11), 2(6.72), 3(6.59), 4(5.40), 5(7.38), 6(5.88), 7(4.30), 9(4.15)
9: 0(8.50), 1(5.00), 2(2.01), 3(2.94), 4(3.60), 5(7.58), 6(4.22), 7(3.05), 8(6.91)
