n=10
0: 1(4.81), 2(8.17), 3(9.88), 4(2.04), 5(6.24), 6(8.92), 7(9.48), 8(2.32), 9(3.84)
1: 0(9.61), 2(1.42), 3(1.86), 4(2.56), 5(5.04), 6(6.07), 7(1.58), 8(3.85), 9(8.76)
2: 0(7.97), 1(1.78), 3(9.17), 4(2.86), 5(1.34), 6(4.36), 7(3.12), 8(5.32), 9(4.82)
3: 0(3.49), 1(6.68), 2(3.16), 4(2.82), 5(2.57), 6(3.26), 7(8.22), 8(6.54), 9(8.08)
4: 0(3.27), 1(2.96), 2(4.92), 3(6.55), 5(2.53), 6(3.16), 7(6.63), 8(9.60), 9(5.59)
5: 0(5.01), 1(2.51), 2(9.92), 3(3.84), 4(2.47), 6(8.43), 7(6.77), 8(4.88), 9(5.18)
6: 0(3.48), 1(1.10), 2(4.33), 3(8.98), 4(2.54), 5(9.10), 7(1.94), 8(4.90), 9(1.11)
7: 0(2.60), 1(1.96), 2(8.70), 3(2.79), 4(5.85), 5(1.67), 6(3.06), 8(8.00), 9(6.47)
8: 0(1.99), 1(4.56), 2(1.05), 3(1.89), 4(1.31), 5(4.81), 6(1.08), 7(2.87), 9(1.76)
9: 0(1.44), 1(1.07), 2(8.05), 3(6.08), 4(6.23), 5(8.72), 6(2.89), 7(1.73), 8(3.74)
