n=9
0: 1(3.50), 2(6.38), 3(5.21), 4(4.28), 5(9.43), 6(7.47), 7(9.97), 8(9.63)
1: 0(9.99), 2(6.55), 3(5.85), 4(4.35), 5(7.64), 6(1.39), 7(6.31), 8(2.09)
2: 0(8.42), 1(6.74), 3(1.76), 4(2.80), 5(7.78), 6(8.76), 7(6.12), 8(8.00)
3: 0(4.31), 1(1.43), 2(3.43), 4(8.60), 5(6.43), 6(7.07), 7(9.49), 8(2.39)
4: 0(3.11), 1(4.06), 2(4.15), 3(4.18), 5(2.04), 6(1.61), 7(7.52), 8(6.98)
5: 0(6.19), 1(7.37), 2(2.30), 3(8.63), 4(9.61), 6(9.77), 7(7.83), 8(5.30)
6: 0(7.32), 1(3.15), 2(1.18), 3(3.54), 4(9.07), 5(4.87), 7(8.46), 8(2.81)
7: 0(8.88), 1(5.75), 2(9.59), 3(1.04), 4(9.11), 5(2.78), 6(6.35), 8(9.98)
8: 0(6.63), 1(1.97), 2(5.41), 3(2.75), 4(3.41), 5(9.68), 6(6.67), 7(4.72)
