n=9
0: 1(4.21), 2(7.50), 3(8.47), 4(4.20), 5(5.00), 6(8.33), 7(7.90), 8(8.56)
1: 0(4.24), 2(8.19), 3(6.19), 4(6.34), 5(1.04), 6(4.47), 7(9.04), 8(7.76)
2: 0(5.01), 1(3.04), 3(4.34), 4(6.85), 5(9.73), 6(3.75), 7(8.10), 8(1.94)
3: 0(7.11), 1(4.09), 2(1.65), 4(3.95), 5(7.98), 6(4.64), 7(3.68), 8(5.94)
4: 0(2.02), 1(7.84), 2(9.62), 3(1.04), 5(2.99), 6(9.64), 7(5.08), 8(7.20)
5: 0(1.23), 1(3.32), 2(9.56), 3(5.97), 4(3.81), 6(8.75), 7(6.32), 8(6.27)
6: 0(9.09), 1(1.93), 2(3.41), 3(6.56), 4(8.29), 5(2.60), 7(2.54), 8(5.94)
7: 0(3.08), 1(5.08), 2(4.53), 3(4.03), 4(1.13), 5(1.26), 6(7.42), 8(5.76)
8: 0(2.59), 1(9.49), 2(3.24), 3(5.32), 4(5.51), 5(4.79), 6(1.09), 7(4.84)
