Grafo completo (dirigido) com n=7 vertices
Formato: u -> [(v, peso), ...]
============================================================
0 -> [(1, 6.7548), (2, 1.2251), (3, 3.4753), (4, 3.0089), (5, 7.6282), (6, 7.0903)]
1 -> [(0, 9.0296), (2, 1.7824), (3, 4.7973), (4, 1.2682), (5, 2.9677), (6, 5.5482)]
2 -> [(0, 1.2388), (1, 2.7895), (3, 6.8490), (4, 5.9045), (5, 2.9840), (6, 6.3034)]
3 -> [(0, 8.2849), (1, 1.0585), (2, 8.2524), (4, 7.2833), (5, 4.0623), (6, 2.3993)]
4 -> [(0, 9.6149), (1, 4.0294), (2, 1.8347), (3, 1.8704), (5, 8.6274), (6, 6.4335)]
5 -> [(0, 8.2642), (1, 7.5676), (2, 5.8261), (3, 9.7580), (4, 4.4068), (6, 5.9684)]
6 -> [(0, 8.4646), (1, 6.5667), (2, 8.7554), (3, 6.1962), (4, 7.3411), (5, 1.4124)]
