n=10
0: 1(9.96), 2(4.38), 3(1.77), 4(6.44), 5(1.15), 6(8.09), 7(9.10), 8(3.96), 9(9.29)
1: 0(8.41), 2(9.63), 3(3.06), 4(7.69), 5(9.88), 6(5.27), 7(6.14), 8(5.81), 9(6.00)
2: 0(8.75), 1(2.93), 3(8.74), 4(5.92), 5(3.25), 6(1.94), 7(7.07), 8(7.56), 9(2.31)
3: 0(9.51), 1(8.01), 2(2.08), 4(6.53), 5(4.58), 6(5.36), 7(5.53), 8(5.75), 9(9.42)
4: 0(7.36), 1(3.16), 2(2.36), 3(7.27), 5(3.75), 6(2.48), 7(3.39), 8(7.16), 9(2.64)
5: 0(3.41), 1(1.41), 2(8.96), 3(7.28), 4(3.71), 6(5.42), 7(8.08), 8(7.79), 9(6.60)
6: 0(2.30), 1(9.21), 2(7.16), 3(4.97), 4(6.34), 5(2.73), 7(9.25), 8(7.71), 9(2.01)
7: 0(5.80), 1(1.84), 2(2.58), 3(1.32), 4(8.17), 5(6.31), 6(5.88), 8(9.39), 9(7.66)
8: 0(7.38), 1(4.91), 2(7.92), 3(6.97), 4(8.86), 5(7.82), 6(7.10), 7(9.43), 9(6.40)
9: 0(6.76), 1(7.72), 2(2.03), 3(5.11), 4(8.99), 5(8.54), 6(1.19), 7(3.75), 8(6.00)
