Grafo completo (dirigido) com n=9 vertices
Formato: u -> [(v, peso), ...]
============================================================
0 -> [(1, 6.7548), (2, 1.2251), (3, 3.4753), (4, 3.0089), (5, 7.6282), (6, 7.0903), (7, 9.0296), (8, 1.7824)]
1 -> [(0, 4.7973), (2, 1.2682), (3, 2.9677), (4, 5.5482), (5, 1.2388), (6, 2.7895), (7, 6.8490), (8, 5.9045)]
2 -> [(0, 2.9840), (1, 6.3034), (3, 8.2849), (4, 1.0585), (5, 8.2524), (6, 7.2833), (7, 4.0623), (8, 2.3993)]
3 -> [(0, 9.6149), (1, 4.0294), (2, 1.8347), (4, 1.8704), (5, 8.6274), (6, 6.4335), (7, 8.2642), (8, 7.5676)]
4 -> [(0, 5.8261), (1, 9.7580), (2, 4.4068), (3, 5.9684), (5, 8.4646), (6, 6.5667), (7, 8.7554), (8, 6.1962)]
5 -> [(0, 7.3411), (1, 1.4124), (2, 3.0511), (3, 3.6045), (4, 1.7181), (6, 3.0951), (7, 1.9090), (8, 3.5018)]
6 -> [(0, 6.7212), (1, 4.2835), (2, 4.3316), (3, 2.8856), (4, 3.4028), (5, 9.4299), (7, 6.8323), (8, 6.4822)]
7 -> [(0, 2.5402), (1, 7.5621), (2, 2.4706), (3, 4.4151), (4, 9.9057), (5, 6.7600), (6, 6.0125), (8, 7.1615)]
8 -> [(0, 8.5857), (1, 7.9840), (2, 3.0614), (3, 1.2889), (4, 3.8391), (5, 3.4097), (6, 2.8988), (7, 9.4862)]
