Grafo completo (dirigido) com n=8 vertices
Formato: u -> [(v, peso), ...]
============================================================
0 -> [(1, 6.7548), (2, 1.2251), (3, 3.4753), (4, 3.0089), (5, 7.6282), (6, 7.0903), (7, 9.0296)]
1 -> [(0, 1.7824), (2, 4.7973), (3, 1.2682), (4, 2.9677), (5, 5.5482), (6, 1.2388), (7, 2.7895)]
2 -> [(0, 6.8490), (1, 5.9045), (3, 2.9840), (4, 6.3034), (5, 8.2849), (6, 1.0585), (7, 8.2524)]
3 -> [(0, 7.2833), (1, 4.0623), (2, 2.3993), (4, 9.6149), (5, 4.0294), (6, 1.8347), (7, 1.8704)]
4 -> [(0, 8.6274), (1, 6.4335), (2, 8.2642), (3, 7.5676), (5, 5.8261), (6, 9.7580), (7, 4.4068)]
5 -> [(0, 5.9684), (1, 8.4646), (2, 6.5667), (3, 8.7554), (4, 6.1962), (6, 7.3411), (7, 1.4124)]
6 -> [(0, 3.0511), (1, 3.6045), (2, 1.7181), (3, 3.0951), (4, 1.9090), (5, 3.5018), (7, 6.7212)]
7 -> [(0, 4.2835), (1, 4.3316), (2, 2.8856), (3, 3.4028), (4, 9.4299), (5, 6.8323), (6, 6.4822)]
